100
88
37 67
23 37
95 37
37 62
75 23
13 75
2 37
75 95
67 75
62 75
58 40
86 52
86 58
52 63
58 44
48 71
71 63
48 58
46 52
48 52
66 77
41 19
25 73
3 41
14 73
66 3
77 73
19 66
73 85
3 79
74 80
81 35
16 74
69 89
21 78
34 26
99 24
80 21
94 69
36 83
24 70
89 17
83 27
20 43
98 47
47 72
78 76
87 55
82 99
22 1
31 92
68 98
88 16
27 34
93 88
51 81
15 29
17 39
54 51
76 82
29 87
72 11
26 8
38 9
11 5
8 31
39 38
61 50
9 61
57 93
55 94
10 56
1 36
50 54
35 22
56 57
43 68
70 20
92 10
32 90
12 32
33 12
97 32
42 12
28 42
6 90
30 33
53 6
